10 4
831 483 281 561
145 196 177 155 165 133 115 163 101 107
191 99999 152 182 109 99999 99999 130 165 154
99999 128 155 116 148 109 156 107 183 99999
99999 112 148 99999 151 116 99999 109 173 161
195 141 183 104 99999 99999 146 99999 99999 99999

13 14
199 131 194 114 142 196 186 142 116 174 158 132 152 198
104 135 134 117 161 169 106 185 156 186 130 187 161
191 157 191 127 113 126 114 130 139 134 137 177 190
123 107 129 136 158 112 183 172 154 179 159 148 147
185 107 180 137 157 123 194 148 102 107 126 167 189
117 101 126 194 143 101 153 124 190 111 136 173 184
142 104 143 190 103 128 149 135 165 106 158 111 106
112 170 132 179 159 102 132 186 196 175 139 150 199
129 113 187 154 197 129 158 140 172 162 120 121 197
137 128 108 148 134 120 118 119 152 130 121 184 116
169 112 107 171 111 137 185 151 191 182 132 102 175
104 164 147 126 161 185 106 121 185 140 194 156 111
146 186 132 182 154 154 194 161 125 158 150 110 161
194 145 193 196 172 198 160 119 176 173 156 182 195
142 174 189 198 138 187 136 122 169 190 176 116 103
102 126 106 164 187 100 161 180 196 133 130 108 153

